380
107
282
1006
1426
1567
1282
837
470
187
102
273
614
990
1354
1564
1514
1273
925
561
232
107
196
521
890
1427
1584
1493
976
391
110
291
783
1337
1582
1303
721
234
114
442
1072
1571
1473
902
328
103
419
988
1442
1510
622
106
543
1084
1491
1544
540
156
214
665
1192
1540
1383
758
289
101
326
763
1220
1544
1521
1119
563
169
128
393
835
1339
1576
1383
873
372
124
171
552
1097
1493
1578
1303
821
378
125
191
672
1202
1525
1558
1202
727
312
100
302
744
1208
1584
1406
897
416
118
214
693
1182
1533
1531
1125
618
200
146
532
1084
1506
1569
1309
789
286
104
385
936
1419
1587
1415
970
458
129
178
565
1112
1503
1576
1276
754
297
106
285
740
1205
1522
1564
1209
714
223
114
402
881
1322
1567
1434
948
451
120
227
650
1122
1495
1552
1046
562
151
150
453
946
1444
1584
1276
789
294
103
324
834
1341
1575
1508
1177
675
194
122
470
1028
1442
1586
1339
826
333
109
252
880
1338
1575
1425
929
467
161
153
559
1099
1492
1578
1266
682
260
99
533
1041
1437
1573
1249
764
241
110
520
1030
1449
1586
1317
761
284
105
251
678
1176
1548
1416
901
387
126
166
648
1262
1561
1527
1048
515
177
179
697
1206
1524
1567
1092
585
180
144
511
1029
1430
1586
1410
911
393
127
196
613
1137
1493
1567
1240
742
271
115
395
868
1336
1583
1438
1012
414
111
247
768
1427
1579
1310
604
113
269
795
1553
1499
720
253
104
478
1114
1520
1554
1000
432
126
1527
1524
1137
633
230
107
545
1079
1481
1565
1102
495
166
145
451
905
1338
1580
1424
968
464
117
271
714
1188
1571
1282
789
122
193
546
1090
1475
1569
1246
701
284
105
233
738
1257
1551
1407
902
442
150
139
509
982
1393
1582
1407
943
425
126
251
713
1209
1547
1525
1158
665
212
116
559
1448
1540
939
153
201
1234
621
151
431
1582
288
491
1208
1579
1234
633
97
402
863
1235
1504
1575
1331
971
596
248
107
210
511
876
1238
1495
1578
1311
911
540
246
